F 1850.000000 1897.000000 3.717551
F 1850.000000 1897.000000 3.717551
F 1850.000000 1897.000000 3.717551
F 1850.000000 1897.000000 3.717551
F 1850.000000 1897.000000 3.717551
F 1850.000000 1897.000000 3.717551
F 1850.000000 1897.000000 3.717551
F 1850.000000 1897.000000 3.717551
F 1850.000000 1897.000000 3.717551
F 1850.000000 1897.000000 3.717551
F 1850.000000 1897.000000 3.717551
F 1850.000000 1897.000000 3.717551
F 1850.000000 1897.000000 3.717551
F 1829.218582 1883.504389 3.717551
F 1792.046186 1859.364353 3.717551
F 1754.459409 1834.901278 3.719569
F 1716.751164 1810.304964 3.719569
F 1716.751164 1810.304964 3.719569
F 1679.335231 1785.899318 3.719569
F 1641.797880 1761.360467 3.721586
F 1604.310110 1736.745941 3.723603
F 1566.872071 1712.055839 3.725621
F 1566.872071 1712.055839 3.725621
F 1529.483917 1687.290261 3.727638
F 1492.145799 1662.449310 3.729655
F 1492.145799 1662.449310 3.729655
F 1454.857870 1637.533086 3.731673
F 1417.620282 1612.541690 3.733690
F 1380.433185 1587.475223 3.735707
F 1343.296732 1562.333789 3.737725
F 1306.211073 1537.117489 3.739742
F 1306.211073 1537.117489 3.739742
F 1269.176359 1511.826426 3.741759
F 1232.192742 1486.460703 3.743777
F 1195.090917 1460.958840 3.743777
F 1195.090917 1460.958840 3.743777
F 1158.276703 1435.654666 3.743777
F 1121.344332 1410.214386 3.745794
F 1084.463357 1384.699653 3.747811
F 1047.464726 1359.048303 3.747811
F 1047.464726 1359.048303 3.747811
F 1010.752906 1333.595802 3.747811
F 973.923478 1308.006719 3.749829
F 937.145748 1282.343391 3.751846
F 937.145748 1282.343391 3.751846
F 900.419864 1256.605922 3.753863
F 863.745976 1230.794416 3.755881
F 826.955537 1204.845350 3.755881
F 789.879900 1178.695128 3.755881
F 789.879900 1178.695128 3.755881
F 753.258158 1152.809691 3.757898
F 716.688709 1126.850429 3.759915
F 680.171703 1100.817446 3.761933
F 680.171703 1100.817446 3.761933
F 643.707289 1074.710850 3.763950
F 607.295616 1048.530745 3.765967
F 570.936830 1022.277239 3.767985
F 570.936830 1022.277239 3.767985
F 534.631081 995.950438 3.770002
F 498.378515 969.550449 3.772020
F 462.340452 942.859006 3.786141
F 427.973900 914.614957 3.872887
F 427.973900 914.614957 3.872887
F 395.777339 883.165638 3.957615
F 366.506428 849.207407 4.044361
F 340.352728 813.008263 4.129089
F 317.356275 774.725667 4.213817
F 317.356275 774.725667 4.213817
F 297.799482 734.771718 4.300563
F 281.526388 692.622707 4.387309
F 269.257114 650.227743 4.474054
F 260.482800 606.261009 4.556765
F 260.482800 606.261009 4.556765
F 257.031182 560.895812 4.716135
F 261.002776 516.630621 4.887609
F 272.035293 474.291245 5.046979
F 272.035293 474.291245 5.046979
F 288.074112 436.584311 5.182141
F 309.654968 400.528884 5.321337
F 335.464276 368.252106 5.452465
F 335.464276 368.252106 5.452465
F 365.174563 339.778398 5.585609
F 397.697782 315.711939 5.706650
F 434.605849 295.263917 5.847863
F 473.316476 280.305149 5.981008
F 473.316476 280.305149 5.981008
F 513.331180 270.699076 6.114152
F 554.620464 266.537842 6.251332
F 596.095785 267.978386 0.101291
F 596.095785 267.978386 0.101291
F 640.290383 273.146934 0.131551
F 684.743430 279.074374 0.133568
F 729.184428 285.091478 0.135586
F 773.100646 291.082645 0.135586
F 773.100646 291.082645 0.135586
F 817.529416 297.189390 0.137603
F 862.124861 303.364883 0.137603
F 907.066007 309.588248 0.137603
F 951.482367 315.784609 0.139620
F 951.482367 315.784609 0.139620
F 995.886136 322.070559 0.141638
F 1039.765292 328.327397 0.141638
F 1084.335458 334.682767 0.141638
F 1084.335458 334.682767 0.141638
F 1128.560119 340.988872 0.141638
F 1173.130285 347.344242 0.141638
F 1217.354946 353.650346 0.141638
F 1261.925112 360.005717 0.141638
F 1261.925112 360.005717 0.141638
F 1305.917578 366.686736 0.159794
F 1350.169645 375.803054 0.246539
F 1392.487252 389.977032 0.399857
F 1392.487252 389.977032 0.399857
F 1432.100821 410.882786 0.571331
F 1465.450559 435.866224 0.714563
F 1494.980755 465.027789 0.843672
F 1494.980755 465.027789 0.843672
F 1520.155618 497.360948 0.974800
F 1540.853310 532.327133 1.097857
F 1557.257335 570.447801 1.231002
F 1566.797893 606.150915 1.388354
F 1566.797893 606.150915 1.388354
F 1570.442319 642.572266 1.553776
F 1568.113101 679.103330 1.715164
F 1559.944062 714.785408 1.876551
F 1559.944062 714.785408 1.876551
F 1545.443478 749.712876 2.052060
F 1525.504571 781.026700 2.223534
F 1500.946743 808.169098 2.388956
F 1470.752126 833.507302 2.497892
F 1470.752126 833.507302 2.497892
F 1434.573802 860.595333 2.499909
F 1398.900488 887.193105 2.501927
F 1363.060356 913.859049 2.501927
F 1363.060356 913.859049 2.501927
F 1326.492825 941.008937 2.503944
F 1290.431858 967.670042 2.505961
F 1254.317179 994.258345 2.507979
F 1254.317179 994.258345 2.507979
F 1218.597579 1020.500268 2.507979
F 1182.429336 1047.015661 2.509996
F 1146.207677 1073.458038 2.512013
F 1109.932748 1099.827289 2.514031
F 1073.604696 1126.123307 2.516048
F 1073.604696 1126.123307 2.516048
F 1037.108676 1152.484850 2.516048
F 1000.895571 1178.642040 2.516048
F 964.399551 1205.003583 2.516048
F 964.399551 1205.003583 2.516048
F 927.797567 1231.217591 2.524117
F 889.538262 1254.193822 2.677435
F 851.106614 1267.661725 2.931620
F 818.194898 1271.132560 3.141424
F 818.194898 1271.132560 3.141424
F 784.598699 1267.532473 3.355262
F 753.631932 1257.423296 3.559013
F 724.950397 1240.912776 3.768817
F 724.950397 1240.912776 3.768817
F 699.913154 1218.227188 3.986690
F 680.810375 1191.627838 4.192458
F 667.585428 1161.858107 4.396210
F 660.679426 1130.732463 4.591892
F 660.679426 1130.732463 4.591892
F 660.043419 1098.336714 4.793626
F 665.974495 1066.127849 4.995360
F 679.153048 1024.728917 5.045794
F 679.153048 1024.728917 5.045794
F 693.757799 982.696453 5.047811
F 708.462382 940.513959 5.047811
F 723.281845 898.001914 5.047811
F 737.871548 856.148970 5.047811
F 737.871548 856.148970 5.047811
F 752.691011 813.636925 5.047811
F 767.510474 771.124880 5.047811
F 782.215057 728.942386 5.047811
F 797.034520 686.430341 5.047811
F 797.034520 686.430341 5.047811
F 813.680244 644.237450 5.128505
F 833.562974 604.055056 5.215250
F 856.852222 565.746328 5.301996
F 856.852222 565.746328 5.301996
F 883.233707 529.712854 5.386724
F 912.799147 495.778168 5.471453
F 944.785112 464.864024 5.558198
F 944.785112 464.864024 5.558198
F 979.603355 436.904791 5.655031
F 1017.965693 413.783018 5.826505
F 1059.385938 397.672651 5.997979
F 1099.914568 388.753518 6.135158
F 1099.914568 388.753518 6.135158
F 1140.566502 385.187075 6.256198
F 1180.826543 386.578289 0.096071
F 1221.779182 393.298313 0.229215
F 1263.308527 404.143518 0.281666
F 1263.308527 404.143518 0.281666
F 1306.220165 416.560396 0.281666
F 1349.131804 428.977274 0.281666
F 1391.708195 441.297145 0.281666
F 1391.708195 441.297145 0.281666
F 1435.110004 453.903316 0.283684
F 1477.661455 466.309053 0.283684
F 1520.883008 478.910156 0.283684
F 1564.104561 491.511259 0.283684
F 1564.104561 491.511259 0.283684
F 1606.991064 504.014678 0.283684
F 1649.897698 518.185264 0.354291
F 1691.088976 535.438455 0.439019
F 1691.088976 535.438455 0.439019
F 1730.496418 556.074341 0.525765
F 1768.555643 580.422812 0.612510
F 1803.698785 607.410086 0.697238
F 1803.698785 607.410086 0.697238
F 1835.930911 638.782352 0.846522
F 1862.560676 674.582804 1.015978
F 1882.168556 712.137307 1.163244
F 1896.802594 751.358382 1.264111
F 1896.802594 751.358382 1.264111
F 1910.394433 794.278685 1.264111
F 1923.775545 836.533556 1.264111
F 1935.969451 879.682853 1.326649
F 1944.928908 923.256091 1.409360
F 1944.928908 923.256091 1.409360
F 1950.185087 967.954330 1.498123
F 1951.508737 1013.116268 1.584869
F 1948.989703 1057.703805 1.669597
F 1948.989703 1057.703805 1.669597
F 1942.637175 1102.083903 1.756343
F 1932.625724 1145.247826 1.841071
F 1918.578279 1188.556836 1.927817
F 1901.484049 1229.057990 2.012545
F 1901.484049 1229.057990 2.012545
F 1880.536499 1268.893631 2.097273
F 1856.028663 1307.057117 2.186036
F 1828.519054 1342.678735 2.270765
F 1828.519054 1342.678735 2.270765
F 1798.414751 1375.428042 2.357510
F 1765.328864 1405.681501 2.444256
F 1729.634982 1433.097281 2.528984
F 1692.336410 1457.017352 2.613712
F 1692.336410 1457.017352 2.613712
F 1653.130491 1478.417188 2.670198
F 1613.154622 1498.742980 2.672215
F 1573.002637 1519.107374 2.672215
F 1573.002637 1519.107374 2.672215
F 1533.161908 1539.313904 2.672215
F 1493.145116 1559.559009 2.674233
F 1453.087565 1579.723346 2.676250
F 1412.541853 1600.082180 2.676250
F 1412.541853 1600.082180 2.676250
F 1371.714081 1618.609574 2.754926
F 1330.333241 1633.448112 2.839655
F 1286.653834 1645.000692 2.926400
F 1286.653834 1645.000692 2.926400
F 1242.316806 1652.740595 3.011129
F 1197.892375 1657.388178 3.063580
F 1153.178779 1660.838146 3.065597
F 1108.806334 1664.171758 3.067614
F 1108.806334 1664.171758 3.067614
F 1064.256519 1667.473509 3.067614
F 1019.529368 1670.743043 3.069632
F 974.795713 1673.922342 3.071649
F 974.795713 1673.922342 3.071649
F 929.359392 1677.059469 3.073666
F 885.138606 1680.067857 3.073666
F 840.392487 1683.066643 3.075684
F 840.392487 1683.066643 3.075684
F 795.469238 1686.031788 3.075684
F 750.717160 1688.940300 3.077701
F 705.959306 1691.758527 3.079718
F 662.937627 1694.380310 3.081736
F 656.492304 1694.760046 3.083753
F 656.492304 1694.760046 3.083753
F 656.492304 1694.760046 3.083753
F 656.492304 1694.760046 3.083753
F 656.492304 1694.760046 3.083753
F 656.492304 1694.760046 3.083753
F 656.492304 1694.760046 3.083753
F 656.492304 1694.760046 3.083753
